# Created by Octave 4.0.0, Mon Sep 21 18:20:35 2015 Eastern Daylight Time <unknown@GS15631>
# name: xs
# type: matrix
# rows: 100
# columns: 1
 12.2112091383241
 10.80997907186248
 11.51854347863953
 9.872981138528894
 3.646211728354845
 8.777095705977469
 7.296917135286112
 7.07339988252463
 5.411431542078105
 11.28495601572407
 9.964043441499079
 23.0033787740933
 5.415327892626833
 6.616955914600371
 3.593828663888651
 4.003095599105486
 3.076916954697607
 12.47426636849522
 22.01260136028023
 8.826211926358715
 4.732710644436435
 14.53818693379579
 10.6336706830724
 7.406092142449622
 14.32137018558675
 2.152518197794843
 3.627282302488775
 9.708729317259046
 4.607715967162404
 12.33431880031999
 2.324675847028012
 6.057353321695028
 19.39629003672604
 8.577159720039965
 7.393538099147012
 11.49383711926824
 12.53407623586379
 17.7364794129201
 8.283890463613796
 17.75238240232495
 9.276139628076068
 14.55087430881215
 11.31971720810615
 8.705061449322372
 6.246226421860666
 9.998480003006962
 9.745202188775183
 6.949093688619504
 8.016452015378416
 5.860217332913416
 3.984485953298084
 7.552219901891008
 4.298807119748956
 12.39873641111841
 13.96211571468871
 11.80018057391664
 11.00374398908774
 14.98189313521084
 6.652954188050916
 10.09176181193198
 6.455972730379365
 8.292765606434257
 3.862652995644341
 7.575413781670141
 9.554946117371937
 10.55755627984931
 16.37339449284264
 4.453975390033833
 8.727355360734924
 5.213578785602585
 9.81516959636069
 2.747491145918416
 8.911747754631259
 5.87439696024843
 8.185309944666907
 3.149662146106976
 11.99027154016202
 14.99497664419076
 5.665796850380491
 10.10423425060088
 3.985628795113144
 6.295383693588536
 4.192191490514649
 7.834174511275078
 7.770266695662253
 3.765837292726558
 8.221723625244662
 4.583945378626391
 9.145267582624218
 6.60418447447914
 3.723741010057277
 6.512172803438935
 6.485054554313034
 16.85506364826484
 7.399947045985003
 7.397523633006579
 5.85617991089865
 7.10088281677653
 5.802487001448963
 8.648758530585338


