# Created by Octave 4.0.0, Wed Oct 14 00:55:23 2015 Eastern Daylight Time <unknown@Eric-PC>
# name: XTrain
# type: matrix
# rows: 500
# columns: 8
 362.6 189 0 164.9 11.6 944.7 755.8 28
 333 0 0 192 0 931.2 842.6 90
 108.3 162.4 0 203.5 0 938.2 849 7
 148.5 139.4 108.6 192.7 6.1 892.4 780 28
 286.3 200.9 0 144.7 11.2 1004.6 803.7 56
 233.81 0 94.58 197.89 4.567 947.04 852.16 3
 194.68 0 100.52 170.17 7.48 998 901.8 14
 333 0 0 192 0 931.2 842.6 7
 425 106.3 0 151.4 18.6 936 803.7 7
 277 0 0 191 0 968 856 360
 183.9 122.6 0 203.5 0 959.2 800 28
 425 106.3 0 153.5 16.5 852.1 887.1 3
 135 0 166 180 10 961 805 28
 212 0 124.78 159 7.84 1085.4 799.54 28
 334 17.6 158 189 15.3 967 633 28
 446 24 79 162 11.64 967 712 3
 382 0 0 186 0 1111 784 7
 181.38 0 167.01 169.59 7.56 1055.6 777.8 56
 332.5 142.5 0 228 0 932 594 7
 385 0 0 186 0 966 763 7
 182.04 45.21 121.97 170.21 8.19 1059.4 780.65 100
 190.34 0 125.18 166.61 9.880000000000001 1079 798.9 100
 102 153 0 192 0 887 942 7
 139.9 132.6 103.3 200.3 7.4 916 753.4 28
 385 0 0 186 0 966 763 3
 154.8 0 142.8 193.3 9.1 1047.4 696.7 28
 236 157 0 192 0 972.6 749.1 28
 277.05 0 97.39 160.6 11.83 973.9 875.61 28
 213.5 0 174.24 154.61 11.66 1052.3 775.48 28
 133 200 0 192 0 927.4 839.2 28
 425 106.3 0 153.5 16.5 852.1 887.1 28
 362.6 189 0 164.9 11.6 944.7 755.8 7
 172.38 13.61 172.37 156.76 4.14 1006.3 856.4 14
 296 0 106.7 221.4 10.5 819.2 778.4 28
 190.34 0 125.18 161.85 9.880000000000001 1088.1 802.59 56
 331 0 0 192 0 1025 821 7
 255.5 170.3 0 185.7 0 1026.6 724.3 28
 153 145 113 178 8 867 824 28
 374 189.2 0 170.1 10.1 926.1 756.7 28
 249.1 0 98.75 158.11 12.8 987.76 889.01 56
 164 163 128 197 8 961 641 28
 218.85 0 124.13 158.49 11.33 1078.7 794.91 28
 349 0 0 192 0 1047 806 3
 190.68 0 125.4 162.14 7.77 1090 804.01 100
 401.8 94.7 0 147.4 11.4 946.8 852.1 28
 525 0 0 189 0 1125 613 7
 337.9 189 0 174.9 9.5 944.7 755.8 7
 218.85 0 124.13 158.49 11.33 1078.7 794.91 14
 252 0 0 185 0 1111 784 28
 250 0 0 182 0 1100 820 28
 251.81 0 99.94 146.14 12.35 1006 899.76 28
 350 0 0 186 0 1050 770 28
 424 22 132 178 8.48 882 750 3
 397 0 0 185.7 0 1040.6 734.3 28
 165 128.5 132.1 175.06 8.08 1005.8 746.6 56
 349 0 0 192 0 1047 806 7
 295 0 0 185 0 1069 769 7
 213.76 98.06 24.52 181.74 6.65 1066 785.52 3
 356 0 142 193 11 801 778 28
 212 141.3 0 203.5 0 973.4 750 3
 202 11 141 206 1.72 942 801 7
 145.7 172.6 0 181.9 3.4 985.8 816.8 28
 167 75.40000000000001 167 164.03 7.91 1007.3 770.1 28
 136.4 161.6 125.8 171.6 10.4 922.6 764.4 28
 387 20 94 157 13.93 938 845 56
 387 20 94 157 11.61 938 845 56
 198.6 132.4 0 192 0 978.4 825.5 7
 159.8 250 0 168.4 12.2 1049.3 688.2 28
 305.3 203.5 0 203.5 0 965.4 631 3
 157 236 0 192 0 935.4 781.2 3
 277 0 0 191 0 968 856 90
 139.6 209.4 0 192 0 1047 806.9 28
 266 112 87 178 10 910 745 28
 122.6 183.9 0 203.5 0 958.2 800.1 28
 178.03 129.8 118.6 179.94 3.57 1007.3 746.8 100
 155.2 183.9 143.2 193.8 9.199999999999999 879.6 698.5 28
 400 0 0 187 0 1025 745 7
 168.88 42.22 124.25 158.33 10.83 1080.8 796.15 3
 540 0 0 173 0 1125 613 180
 213.72 98.05 24.51 181.71 6.86 1065.8 785.38 56
 203.5 135.7 0 185.7 0 1076.2 759.3 7
 167.35 129.9 128.62 175.46 7.79 1006.3 746.6 100
 194.68 0 100.52 165.62 7.48 1006.4 905.9 3
 229.97 0 118.31 195.47 4.63 1029.4 758.59 100
 450.1 50 0 200 3 1124.4 613.2 28
 304 140 0 214 6 895 722 28
 333 0 0 192 0 931.2 842.6 28
 275.07 0 121.35 159.48 9.9 1053.6 777.5 100
 540 0 0 173 0 1125 613 270
 380 0 0 228 0 932 670 90
 236.9 91.7 71.5 246.9 6 852.9 695.4 28
 382 0 0 186 0 1047 739 28
 148 175 0 171 2 1000 828 28
 310 0 0 192 0 970 850 90
 190.34 0 125.18 166.61 9.880000000000001 1079 798.9 28
 425 106.3 0 153.5 16.5 852.1 887.1 7
 172.38 13.61 172.37 156.76 4.14 1006.3 856.4 56
 183.9 122.6 0 203.5 0 959.2 800 7
 475 0 59 142 1.9 1098 641 28
 181.38 0 167.01 169.59 7.56 1055.6 777.8 14
 540 0 0 173 0 1125 613 90
 331 0 0 192 0 1025 821 90
 388.6 97.09999999999999 0 157.9 12.1 852.1 925.7 7
 318 0 126 210 6 861 737 28
 446 24 79 162 11.64 967 712 28
 318.8 212.5 0 155.7 14.3 852.1 880.4 56
 332.5 142.5 0 228 0 932 594 180
 362.6 189 0 164.9 11.6 944.7 755.8 7
 159.1 186.7 0 175.6 11.3 989.6 788.9 28
 190.34 0 125.18 161.85 9.880000000000001 1088.1 802.59 28
 252 0 0 185 0 1111 784 7
 153 145 113 178 8 1002 689 28
 297.16 0 117.54 174.8 9.52 1022.8 753.45 3
 275 180 120 162 10.35 830 765 28
 153 102 0 192 0 888 943.1 90
 200 0 0 180 0 1125 845 28
 540 0 0 173 0 1125 613 3
 249.1 0 98.75 158.11 12.8 987.76 889.01 14
 382 0 0 186 0 1047 739 7
 183.9 122.6 0 203.5 0 959.2 800 90
 295.8 0 0 185.7 0 1091.4 769.3 7
 143.6 0 174.9 158.4 17.9 942.7 844.5 28
 397 0 0 185 0 1040 734 28
 446 24 79 162 11.61 967 712 7
 251.37 0 118.27 188.45 5.75 1028.4 757.73 100
 255 0 0 192 0 889.8 945 28
 237.5 237.5 0 228 0 932 594 90
 236 0 0 193 0 968 885 365
 212.52 0 100.37 159.32 8.710000000000001 1007.8 903.59 28
 374 189.2 0 170.1 10.1 926.1 756.7 91
 531.3 0 0 141.8 28.2 852.1 893.7 7
 178.03 129.8 118.6 179.94 3.57 1007.3 746.8 28
 231.75 0 121.62 173.96 6.72 1056.4 778.45 28
 186.2 124.1 0 185.7 0 1083.4 764.3 7
 387 20 94 157 14.32 938 845 7
 310 0 0 192 0 971 850.6 3
 374 0 0 190 7 1013 730 28
 173.54 50.05 173.53 164.77 6.47 1006.2 793.5 3
 145 116 119 184 5.7 833 880 28
 165 0 150 182 12 1023 729 28
 339 0 0 197 0 968 781 90
 236 0 0 194 0 968 885 3
 304 76 0 228 0 932 670 90
 379.5 151.2 0 153.9 15.9 1134.3 605 91
 376 0 0 214.6 0 1003.5 762.36 28
 214.9 53.8 121.89 155.63 9.609999999999999 1014.3 780.58 3
 254 0 0 198 0 968 863 180
 250 0 95.69 191.84 5.33 948.9 857.2 100
 296 0 107 221 11 819 778 28
 277.05 0 97.39 160.6 11.83 973.9 875.61 14
 255 0 0 192 0 889.8 945 90
 385 0 136 158 20 903 768 28
 424 22 132 178 8.48 822 750 56
 500 0 0 200 0 1125 613 270
 229.97 0 118.31 195.47 4.63 1029.4 758.59 56
 173 116 0 192 0 946.8 856.8 28
 425 106.3 0 153.5 16.5 852.1 887.1 3
 331 0 0 192 0 1025 821 28
 238 0 0 185 0 1118 789 28
 284 15 141 179 5.46 842 801 56
 336 0 0 182 3 986 817 28
 213.72 98.05 24.51 181.71 6.86 1065.8 785.38 28
 273 105 82 210 9 904 680 28
 297 0 0 186 0 1040 734 7
 236 0 0 193 0 968 885 7
 525 0 0 189 0 1125 613 3
 166.09 0 163.27 176.46 4.49 1058.6 780.09 56
 469 117.2 0 137.8 32.2 852.1 840.5 28
 212.57 0 100.39 159.35 10.37 1003.8 903.79 56
 380 95 0 228 0 932 594 90
 231.75 0 121.62 173.96 6.72 1056.4 778.45 3
 380 95 0 228 0 932 594 365
 139.6 209.4 0 192 0 1047 806.9 7
 213.5 0 174.24 159.21 11.66 1043.6 771.9 28
 310 0 0 192 0 1012 830 28
 167.35 129.9 128.62 175.46 7.79 1006.3 746.6 14
 212.07 0 121.62 180.31 5.69 1057.6 779.3200000000001 3
 310 143 111 168 22 914 651 28
 202 11 141 206 1.72 942 801 28
 425 106.3 0 153.5 16.5 852.1 887.1 3
 167.95 42.08 163.83 121.75 5.72 1058.7 780.11 56
 182.04 45.21 121.97 170.21 8.19 1059.4 780.65 14
 213.5 0 174.24 154.61 11.66 1052.3 775.48 100
 307 0 0 193 0 968 812 3
 212.07 0 121.62 180.31 5.69 1057.6 779.3200000000001 56
 393 0 0 192 0 940 758 3
 427.5 47.5 0 228 0 932 594 7
 173.81 93.37 159.9 172.34 9.73 1007.2 746.6 56
 298 137 107 201 6 878 655 28
 342 38 0 228 0 932 670 270
 362.6 189 0 164.9 11.6 944.7 755.8 56
 379.5 151.2 0 153.9 15.9 1134.3 605 7
 275 0 0 183 0 1088 808 28
 164.2 0 200.1 181.2 12.6 849.3 846 28
 331 0 0 192 0 978 825 180
 250 0 95.69 191.84 5.33 948.9 857.2 3
 238.05 0 94.11 186.66 7 949.91 847.01 14
 249.1 0 98.75 158.11 12.8 987.76 889.01 100
 349 0 0 192 0 1047 806 28
 298.1 0 107.5 163.6 12.8 953.2 784 28
 277.05 0 97.39 160.6 11.83 973.9 875.61 3
 287.3 120.5 93.90000000000001 187.6 9.199999999999999 904.4 695.9 28
 168.88 42.22 124.25 158.33 10.83 1080.8 796.15 14
 158.4 0 194.9 219.7 11 897.7 712.9 28
 213.5 0 174.24 159.21 11.66 1043.6 771.9 56
 173 116 0 192 0 946.8 856.8 7
 133 200 0 192 0 927.4 839.2 7
 491 26 123 201 3.93 822 699 3
 173 116 0 192 0 946.8 856.8 3
 520 0 0 175 5.2 870 805 28
 212.57 0 100.39 159.35 10.37 1003.8 903.79 100
 154.8 0 142.8 193.3 9.1 877.2 867.7 28
 250 0 95.69 191.84 5.33 948.9 857.2 56
 337.9 189 0 174.9 9.5 944.7 755.8 56
