# Created by Octave 4.0.0, Wed Oct 14 19:34:02 2015 Eastern Daylight Time <unknown@GS15631>
# name: XTrain
# type: matrix
# rows: 91
# columns: 1
 1
 1.1
 1.2
 1.3
 1.4
 1.5
 1.6
 1.7
 1.8
 1.9
 2
 2.1
 2.2
 2.3
 2.4
 2.5
 2.6
 2.7
 2.8
 2.9
 3
 3.1
 3.2
 3.3
 3.4
 3.5
 3.6
 3.7
 3.8
 3.9
 4
 4.1
 4.2
 4.300000000000001
 4.4
 4.5
 4.6
 4.7
 4.800000000000001
 4.9
 5
 5.100000000000001
 5.2
 5.3
 5.4
 5.5
 5.600000000000001
 5.7
 5.800000000000001
 5.9
 6
 6.100000000000001
 6.2
 6.300000000000001
 6.4
 6.5
 6.600000000000001
 6.7
 6.800000000000001
 6.9
 7
 7.100000000000001
 7.2
 7.300000000000001
 7.4
 7.5
 7.600000000000001
 7.7
 7.800000000000001
 7.9
 8
 8.100000000000001
 8.199999999999999
 8.300000000000001
 8.4
 8.5
 8.600000000000001
 8.699999999999999
 8.800000000000001
 8.9
 9
 9.1
 9.200000000000001
 9.300000000000001
 9.4
 9.5
 9.6
 9.700000000000001
 9.800000000000001
 9.9
 10


# name: yTrain
# type: matrix
# rows: 91
# columns: 1
 0.2648170924609161
 2.725043996348946
 -0.2586797752830521
 1.234780411665807
 0.05530281471597948
 0.6207720913886972
 0.1910087144935626
 -0.3122109974663199
 -0.4310807969454682
 0.937618130400611
 -1.679920254947743
 1.165929958991734
 0.08650830899785916
 -0.1243033691942342
 -0.5377300719879878
 0.5133684738366242
 -1.428201393817682
 0.31243786599128
 2.255198267527396
 -0.8275202464244764
 -1.616332134191127
 -0.5591412138459999
 0.2980462485908443
 -0.2281328246106338
 -0.4488735589227102
 -1.212072568714909
 1.298241059450583
 0.5081899171313922
 -0.4442889303149453
 1.297092665581164
 0.9723356911158749
 0.7997625644031436
 0.7398553382614048
 1.69568828849509
 0.5565993595553242
 -0.2290550440320356
 1.911265167595628
 -0.4336854437716784
 2.076130706308429
 3.592489537568433
 -1.224025746441988
 2.012906590474552
 1.291886220950413
 0.6913157174531681
 2.361461366318136
 1.476468470854153
 1.136447611298316
 -0.3450459868763702
 2.327481433604484
 -0.1049971880740834
 1.213958235235371
 1.106740955221558
 0.2619374507256009
 0.2734894726294759
 1.225911248562983
 0.816172047004778
 1.948459180932366
 1.90583432002538
 0.5125655854377861
 2.7757279368737
 1.23633430470254
 0.8734515638503385
 -1.136889671278319
 1.184922650445314
 3.828218082907305
 2.434869243695851
 1.753839280196224
 1.382789172312242
 1.712064978882158
 1.628008285806595
 3.427817935307454
 1.022481712371479
 1.821340045241992
 1.855890497749081
 1.705332842086209
 2.986737575759666
 3.641769102286203
 1.765864788043521
 0.8547095732003124
 0.977421936666254
 1.763435350736264
 1.404147084511094
 1.974254268631798
 3.418668609409752
 0.3128943444625163
 1.932253946344589
 1.119488914932446
 0.5479332697792709
 2.652712508262117
 1.943815155482128
 0.1387790186992985


# name: XTest
# type: matrix
# rows: 901
# columns: 1
 1
 1.01
 1.02
 1.03
 1.04
 1.05
 1.06
 1.07
 1.08
 1.09
 1.1
 1.11
 1.12
 1.13
 1.14
 1.15
 1.16
 1.17
 1.18
 1.19
 1.2
 1.21
 1.22
 1.23
 1.24
 1.25
 1.26
 1.27
 1.28
 1.29
 1.3
 1.31
 1.32
 1.33
 1.34
 1.35
 1.36
 1.37
 1.38
 1.39
 1.4
 1.41
 1.42
 1.43
 1.44
 1.45
 1.46
 1.47
 1.48
 1.49
 1.5
 1.51
 1.52
 1.53
 1.54
 1.55
 1.56
 1.57
 1.58
 1.59
 1.6
 1.61
 1.62
 1.63
 1.64
 1.65
 1.66
 1.67
 1.68
 1.69
 1.7
 1.71
 1.72
 1.73
 1.74
 1.75
 1.76
 1.77
 1.78
 1.79
 1.8
 1.81
 1.82
 1.83
 1.84
 1.85
 1.86
 1.87
 1.88
 1.89
 1.9
 1.91
 1.92
 1.93
 1.94
 1.95
 1.96
 1.97
 1.98
 1.99
 2
 2.01
 2.02
 2.03
 2.04
 2.05
 2.06
 2.07
 2.08
 2.09
 2.1
 2.11
 2.12
 2.13
 2.14
 2.15
 2.16
 2.17
 2.18
 2.19
 2.2
 2.21
 2.22
 2.23
 2.24
 2.25
 2.26
 2.27
 2.28
 2.29
 2.3
 2.31
 2.32
 2.33
 2.34
 2.35
 2.36
 2.37
 2.38
 2.39
 2.4
 2.41
 2.42
 2.43
 2.44
 2.45
 2.46
 2.47
 2.48
 2.49
 2.5
 2.51
 2.52
 2.53
 2.54
 2.55
 2.56
 2.57
 2.58
 2.59
 2.6
 2.61
 2.62
 2.63
 2.64
 2.65
 2.66
 2.67
 2.68
 2.69
 2.7
 2.71
 2.72
 2.73
 2.74
 2.75
 2.76
 2.77
 2.78
 2.79
 2.8
 2.81
 2.82
 2.83
 2.84
 2.85
 2.86
 2.87
 2.88
 2.89
 2.9
 2.91
 2.92
 2.93
 2.94
 2.95
 2.96
 2.97
 2.98
 2.99
 3
 3.01
 3.02
 3.03
 3.04
 3.05
 3.06
 3.07
 3.08
 3.09
 3.1
 3.11
 3.12
 3.13
 3.14
 3.15
 3.16
 3.17
 3.18
 3.19
 3.2
 3.21
 3.22
 3.23
 3.24
 3.25
 3.26
 3.27
 3.28
 3.29
 3.3
 3.31
 3.32
 3.33
 3.34
 3.35
 3.36
 3.37
 3.38
 3.39
 3.4
 3.41
 3.42
 3.43
 3.44
 3.45
 3.46
 3.47
 3.48
 3.49
 3.5
 3.51
 3.52
 3.53
 3.54
 3.55
 3.56
 3.57
 3.58
 3.59
 3.6
 3.61
 3.62
 3.63
 3.64
 3.65
 3.66
 3.67
 3.68
 3.69
 3.7
 3.71
 3.72
 3.73
 3.74
 3.75
 3.76
 3.77
 3.78
 3.79
 3.8
 3.81
 3.82
 3.83
 3.84
 3.85
 3.86
 3.87
 3.88
 3.89
 3.9
 3.91
 3.92
 3.93
 3.94
 3.95
 3.96
 3.97
 3.98
 3.99
 4
 4.01
 4.02
 4.03
 4.04
 4.050000000000001
 4.06
 4.07
 4.08
 4.09
 4.1
 4.109999999999999
 4.12
 4.13
 4.140000000000001
 4.15
 4.16
 4.17
 4.18
 4.19
 4.2
 4.21
 4.220000000000001
 4.23
 4.24
 4.25
 4.26
 4.27
 4.28
 4.29
 4.300000000000001
 4.31
 4.32
 4.33
 4.34
 4.35
 4.359999999999999
 4.37
 4.38
 4.390000000000001
 4.4
 4.41
 4.42
 4.43
 4.44
 4.45
 4.46
 4.470000000000001
 4.48
 4.49
 4.5
 4.51
 4.52
 4.53
 4.54
 4.550000000000001
 4.56
 4.57
 4.58
 4.59
 4.6
 4.609999999999999
 4.62
 4.63
 4.640000000000001
 4.65
 4.66
 4.67
 4.68
 4.69
 4.7
 4.71
 4.720000000000001
 4.73
 4.74
 4.75
 4.76
 4.77
 4.78
 4.79
 4.800000000000001
 4.81
 4.82
 4.83
 4.84
 4.85
 4.859999999999999
 4.87
 4.88
 4.890000000000001
 4.9
 4.91
 4.92
 4.93
 4.94
 4.95
 4.96
 4.970000000000001
 4.98
 4.99
 5
 5.01
 5.02
 5.03
 5.04
 5.05
 5.06
 5.07
 5.08
 5.09
 5.1
 5.11
 5.12
 5.13
 5.14
 5.15
 5.16
 5.17
 5.18
 5.19
 5.2
 5.21
 5.22
 5.23
 5.24
 5.25
 5.26
 5.27
 5.28
 5.29
 5.3
 5.31
 5.32
 5.33
 5.34
 5.350000000000001
 5.36
 5.37
 5.38
 5.39
 5.4
 5.41
 5.42
 5.43
 5.44
 5.45
 5.46
 5.47
 5.48
 5.49
 5.5
 5.51
 5.52
 5.53
 5.54
 5.55
 5.56
 5.57
 5.58
 5.59
 5.600000000000001
 5.61
 5.62
 5.63
 5.64
 5.65
 5.66
 5.67
 5.68
 5.69
 5.7
 5.71
 5.72
 5.73
 5.74
 5.75
 5.76
 5.77
 5.78
 5.79
 5.8
 5.81
 5.82
 5.83
 5.84
 5.850000000000001
 5.86
 5.87
 5.88
 5.89
 5.9
 5.91
 5.92
 5.93
 5.94
 5.95
 5.96
 5.97
 5.98
 5.99
 6
 6.01
 6.02
 6.03
 6.04
 6.05
 6.06
 6.07
 6.08
 6.09
 6.100000000000001
 6.11
 6.12
 6.13
 6.14
 6.15
 6.16
 6.17
 6.18
 6.19
 6.2
 6.21
 6.22
 6.23
 6.24
 6.25
 6.26
 6.27
 6.28
 6.29
 6.3
 6.31
 6.32
 6.33
 6.34
 6.350000000000001
 6.36
 6.37
 6.38
 6.39
 6.4
 6.41
 6.42
 6.43
 6.44
 6.45
 6.46
 6.47
 6.48
 6.49
 6.5
 6.51
 6.52
 6.53
 6.54
 6.55
 6.56
 6.57
 6.58
 6.59
 6.600000000000001
 6.61
 6.62
 6.63
 6.64
 6.65
 6.66
 6.67
 6.68
 6.69
 6.7
 6.71
 6.72
 6.73
 6.74
 6.75
 6.76
 6.77
 6.78
 6.79
 6.8
 6.81
 6.82
 6.83
 6.84
 6.850000000000001
 6.86
 6.87
 6.88
 6.89
 6.9
 6.91
 6.92
 6.93
 6.94
 6.95
 6.96
 6.97
 6.98
 6.99
 7
 7.01
 7.02
 7.03
 7.04
 7.05
 7.06
 7.07
 7.08
 7.09
 7.100000000000001
 7.11
 7.12
 7.13
 7.140000000000001
 7.15
 7.16
 7.17
 7.18
 7.19
 7.2
 7.21
 7.22
 7.23
 7.24
 7.25
 7.26
 7.27
 7.28
 7.29
 7.3
 7.31
 7.32
 7.33
 7.34
 7.350000000000001
 7.36
 7.37
 7.38
 7.390000000000001
 7.4
 7.41
 7.42
 7.43
 7.44
 7.45
 7.46
 7.47
 7.48
 7.49
 7.5
 7.51
 7.52
 7.53
 7.54
 7.55
 7.56
 7.57
 7.58
 7.59
 7.600000000000001
 7.61
 7.62
 7.63
 7.640000000000001
 7.65
 7.66
 7.67
 7.68
 7.69
 7.7
 7.71
 7.72
 7.73
 7.74
 7.75
 7.76
 7.77
 7.78
 7.79
 7.8
 7.81
 7.82
 7.83
 7.84
 7.850000000000001
 7.86
 7.87
 7.88
 7.890000000000001
 7.9
 7.91
 7.92
 7.93
 7.94
 7.95
 7.96
 7.97
 7.98
 7.99
 8
 8.01
 8.02
 8.030000000000001
 8.039999999999999
 8.050000000000001
 8.06
 8.07
 8.08
 8.09
 8.100000000000001
 8.109999999999999
 8.120000000000001
 8.129999999999999
 8.140000000000001
 8.15
 8.16
 8.17
 8.18
 8.190000000000001
 8.199999999999999
 8.210000000000001
 8.219999999999999
 8.23
 8.24
 8.25
 8.26
 8.27
 8.280000000000001
 8.289999999999999
 8.300000000000001
 8.31
 8.32
 8.33
 8.34
 8.350000000000001
 8.359999999999999
 8.370000000000001
 8.379999999999999
 8.390000000000001
 8.4
 8.41
 8.42
 8.43
 8.440000000000001
 8.449999999999999
 8.460000000000001
 8.469999999999999
 8.48
 8.49
 8.5
 8.51
 8.52
 8.530000000000001
 8.539999999999999
